./59053
25823
60359
17941
53957
30280
21249
1714
41915
20835
19992
34047
53814
29813
9638
286
21792
39201
15706
25130
3777
8710
52608
30613
55198
22299
23281
38499
39978
5908
13630
33496
31732
8453
51437
20153
38734
7150
21867
15113
27985
41860
49161
16264
6137
58799
16550
27929
32465
32257
53059
36242
40967
40131
1319
30629
62430
24600
3592
36873
30509
17223
4833
62241
25676
56270
16858
64410
63421
38725
13988
25870
15049
63149
42134
21186
56412
58685
49115
23341
25406
36638
59584
837
11234
60903
31466
8128
19968
35059
45001
50477
52282
49834
47182
12422
40569
64040
11297
38454
37229
25285
64324
52279
22898
40923
7929
13774
34072
57045
37116
59478
28147
31164
60315
39381
26531
26245
47510
46499
61304
26975
31440
48050
11274
13086
60473
51843
11590
6234
24761
48820
31519
23549
35563
54417
64472
43492
2655
33008
35001
39771
26950
63149
5399
21729
36994
31931
47975
18968
12894
43743
45944
44335
26258
57218
57421
21195
43525
3476
27429
2750
52296
58948
26299
22323
47829
25236
279
50484
58244
35281
24720
19659
32894
30119
41388
4352
62050
23827
23321
9409
2035
3729
53744
28293
60947
45629
49488
38936
49105
11381
41686
35865
4793
2449
58188
52622
27685
58468
37570
20394
28213
62290
40053
61107
26874
15905
65459
23388
39733
23244
32797
41768
26973
21005
4525
22384
1099
54013
61320
50204
65394
37470
20534
4651
39920
13186
57273
2069
6118
29307
22463
34331
26062
62516
29902
52936
12886
29826
10788
52619
53070
43586
28851
14508
64591
33376
36892
154
21853
32677
50359
21711
4611
5357
26362
44531
18543
18099
46601
24662
47406
3528
58993
7932
509
23360
60868
13395
53186
6121
478
40720
49707
29329
55228
48762
62705
26585
48917
19022
59262
33740
40733
63873
39097
1559
42869
57640
19658
23934
16766
1528
27462
10224
9461
27971
33584
4793
41366
21234
10914
41844
61954
60621
5637
51647
43848
2806
12696
27229
21828
6422
60969
62561
4759
34530
64120
47628
26634
18242
6026
43401
19771
33489
53625
29232
61460
21673
34025
37291
42907
44940
13599
39325
40025
19237
25436
18337
22043
38132
45566
43872
44554
40999
40897
49314
9993
39482
31406
36628
57724
37433
14493
11959
5386
2582
41191
1310
24255
9681
38601
1626
54621
52201
40951
29110
5902
852
47448
27945
38984
27478
6281
18003
2942
47179
1781
12935
21125
33187
49563
13313
5084
64056
25273
10470
1102
928
11781
25357
10609
50382
26983
65230
37047
2399
28805
42949
3251
10717
5359
42235
38195
11640
60238
41137
58819
62019
54073
14408
29671
38100
27722
34755
36621
52995
45226
37723
53923
57007
63081
64533
41853
24528
64227
13365
26927
27496
56314
30178
38213
61673
6878
10873
7778
1580
52010
1061
63600
40547
15470
27735
13112
43192
62490
49733
30651
42180
21920
19038
33651
19465
18035
9969
43994
16727
23334
5385
44223
14112
35564
16901
10250
42442
27774
18028
44022
14248
19089
42086
54796
34559
4285
2372
12215
1240
52105
42866
43420
8489
61905
11536
27955
14404
21505
6413
31131
44839
11798
9819
58951
47362
26720
3665
24268
54494
21693
2755
3206
40783
44841
58002
9806
49127
60374
22022
50367
46943
64888
28251
55433
61257
39787
17852
10126
61292
24265
41257
40595
36063
51076
34011
17890
12260
37676
42158
1218
59370
44913
4425
34617
24219
62427
44423
7810
57266
909
58177
38673
262
20892
28570
61519
60680
46422
6109
56436
5151
47367
31496
41215
32907
65507
59105
45168
37647
35727
46386
31481
15105
50811
562
39324
47703
44986
47134
39433
45895
39775
12570
46157
60667
41141
42141
55811
22027
48250
46712
27179
30081
12672
2858
62989
12643
61963
42621
50290
32154
23471
16236
47259
8747
16798
21047
56450
61784
2645
30347
42144
42420
42917
22765
37552
18522
64906
27827
40550
47621
9003
2193
12166
21675
5051
9619
34318
1478
52240
19073
33632
10176
35309
15356
18923
52107
36403
9837
48356
39049
40184
24964
15933
17565
47729
53485
36088
47100
15777
11102
29185
24780
13295
41351
46456
18346
50971
15238
19824
37675
34311
53456
47851
4084
3276
1238
56192
39680
11075
39012
13193
51259
63976
29126
3289
46169
17076
39377
27733
32853
50479
56918
57633
63774
32734
38553
16584
18169
53792
36408
55844
22567
24328
38160
26652
27605
39398
17308
1749
50474
56320
14942
36197
54760
44068
39486
35393
61144
13327
63127
28461
63806
54509
20559
62044
21707
59112
13092
39876
47368
49500
30185
4400
8293
2809
31052
35898
42207
48360
37647
27145
39144
52589
63343
28368
31121
37293
63761
26730
50621
61352
55191
48891
50326
10214
45400
6497
3791
58492
46374
51159
42457
11023
55559
50750
13832
21075
21112
56039
3899
58759
17649
43043
45812
15456
5875
11397
52749
4101
38127
37834
65453
27783
21190
50243
37997
1054
56741
41788
59546
37579
27412
36467
48602
17435
21681
62434
38511
42793
52937
42410
36016
5050
19918
16292
20506
25793
27690
7720
29894
281
45554
29812
28064
1208
14519
526
2262
5724
42314
61809
43303
4190
32740
26369
21626
54422
23267
60137
31679
10669
37011
2160
15719
56929
18452
36226
17187
46142
43946
47081
46424
23964
11357
8952
25173
25877
9478
27435
31601
51793
23708
9369
55983
56449
35738
12073
45335
59006
6674
11478
4139
43686
13638
19858
35079
32091
56084
52266
12697
34494
33812
59121
58459
45169
2538
18096
5510
12016
45531
37112
63809
3704
46481
54257
60153
16683
794
39952
10153
7469
51430
14292
51155
65069
34151
20698
31624
24699
7429
44321
59194
41241
37907
52117
20874
40445
4677
26385
52461
50208
63497
50735
53912
44442
39456
48529
61125
40250
22945
5743
47719
8840
20035
33338
8373
54186
54037
39997
13350
61466
18782
7008
37171
56689
59125
58045
31598
63802
18894
18524
48474
16855
3723
36851
61297
43179
19844
56887
17893
42790
62630
77
51630
17129
33415
60003
5780
21916
34464
19130
17846
53246
26138
55017
44400
19727
47527
10462
17993
885
28986
931
17741
32709
37782
13502
10352
57627
4853
28246
34881
1947
28323
20975
19077
61738
15442
24857
18119
49906
43987
35965
37616
4589
25447
16480
24316
7438
26943
42309
8323
55929
43240
26064
23103
15487
39567
33455
7578
44420
61701
42459
46368
24488
63434
65445
20691
13340
24766
